100 1000000
265119 903364
859690 489979
153951 874404
746560 718067
6917 845074
16210 147177
2031 35657
316353 100932
363344 769152
262270 120966
537318 386115
113654 671738
543068 12386
903765 22406
28409 335532
470792 607847
91488 504155
928890 691077
309189 782332
337953 265032
961679 493198
711210 474642
799603 105646
669191 423310
631812 275073
839883 166736
757289 546365
477030 350504
611979 361156
527974 328302
468851 184533
886330 930429
896449 466006
285864 146303
188572 434560
808483 511788
721184 852050
121838 791907
74348 60325
424154 322274
162316 738004
173953 988074
644389 846929
868563 260751
207967 751535
884460 387014
936167 472319
635610 264048
386683 250158
474292 292063
526505 698054
195835 834756
550827 238506
274135 580686
395737 691109
450072 595741
357743 858829
860092 486751
495664 347495
875330 158043
823995 378512
800162 72640
502611 950528
712167 163226
256828 48120
760988 203643
739349 544935
985691 711932
525543 907298
5045 499322
762756 595419
772076 347406
76801 84505
422790 517734
206077 898273
626784 899860
269834 16374
428740 520883
84372 284041
564821 999308
593561 480978
773450 285987
758685 617912
543023 899996
802368 225136
577244 923737
334101 920275
632873 574867
167466 116675
392661 583010
382036 877901
615220 950329
234375 801348
816306 53981
684604 435958
611015 913631
964730 842924
739699 769543
616234 262904
309707 604018
