100 50000000
47088461 17548804
20746870 27998339
45485161 32655878
32695709 7107436
20191433 19930693
25713029 15004379
39791679 3739216
28622500 31084187
28047386 186978
37099828 31809615
16911334 28412811
21144391 22717462
42492955 47615892
34913603 35859511
28057934 26175176
48584000 19868709
31542431 2087738
40172750 5126444
43222756 11287245
25432676 28937638
41058049 26619737
38846219 32310437
45073337 31848986
25929454 48833049
19753438 22955065
35653439 523900
45679488 18937419
18664397 1890736
32187323 19184206
17874011 42121194
6611332 2182463
33957271 34038863
5435860 17772466
42493087 19949336
453876 10935723
30141933 31267554
32783821 41444019
6498483 17748915
35841059 38555298
20865844 39395212
37950632 2159701
43921681 27801446
30919842 28927782
30570679 5127575
18564625 24191246
7375637 26326855
48014354 14045173
8227918 37416422
8066617 32475175
22202988 33603416
28045552 32316390
44856737 8587169
13205360 22635273
8349538 46612176
43455091 47749728
26612737 34763610
19081617 5506328
33100032 5330841
34617006 18241251
7437805 43085620
43364070 29103997
30478112 19543570
1364812 23839518
39078164 33118931
23766312 131535
36354559 2657369
30244943 43530564
21157510 2858078
26904134 20362738
34150386 31510262
4391703 25446828
12795682 12456575
34872839 38603649
6376973 7745153
40302538 16348817
39254070 35076667
30929756 762439
47642329 32887726
33917514 5283703
17367583 41766837
41012175 19265061
5083066 35098582
43557068 27237228
21321003 35086435
44244266 17820960
14833842 33378791
12584982 26846561
26283072 28092652
41656922 12893238
5129459 1912320
14383004 8929234
35003251 30743145
8790739 35955046
855075 8151916
44147157 11223296
37367717 14396685
26413332 10517203
28600634 42363053
39096635 13187938
30735316 42552378
